255 255 255 255 255 255 255 255 255 255 255 255 255 255 255 255
255 255 255 255 255 255 255 255 255 255 255 255 255 255 255 255
255 255 255 255 255 255 255 255 255 255 255 255 255 255 255 255
255 255 255  15  16  15  15  16  15  15  15  14  14 255 255 255
255 255 255  15  14  15  15  16  16  16  15  16  17 255 255 255
255 255 255  15  15  14  14  16  15  15  13  14  15 255 255 255
255 255 255  15  16  15  15  15  15  16  14  15  16 255 255 255
255 255 255 255 255 255 255 255 255 255 255 255 255 255 255 255
255 255 255 255 255 255 255 255 255 255 255 255 255 255 255 255
255 255 255  15  15  15  14  14  16  16  16  16  14 255 255 255
255 255 255  15  14  16  16  16  15  15  15  15  15 255 255 255
255 255 255  15  15  15  13  13  16  17  15  13  14 255 255 255
255 255 255  15  14  16  16  14  15  15  15  16  16 255 255 255
255 255 255 255 255 255 255 255 255 255 255 255 255 255 255 255
255 255 255 255 255 255 255 255 255 255 255 255 255 255 255 255
255 255 255 255 255 255 255 255 255 255 255 255 255 255 255 255
255 255 255 255 255 255 255 255 255 255 255 255 255 255 255 255
255 255 255 255 255 255 255 255 255 255 255 255 255 255 255 255
255 255 255 255 255 255 255 255 255 255 255 255 255 255 255 255
255 255 255  15  16  15  15  16  15  15  15  14  14 255 255 255
255 255 255  15  14  15  15  16  16  16  15  16  17 255 255 255
255 255 255  15  15  14  14  16  15  15  13  14  15 255 255 255
255 255 255  15  16  15  15  15  15  16  14  15  16 255 255 255
255 255 255 255 255 255 255 255 255 255 255 255 255 255 255 255
255 255 255 255 255 255 255 255 255 255 255 255 255 255 255 255
255 255 255  15  15  15  14  14  16  16  16  16  14 255 255 255
255 255 255  15  14  16  16  16  15  15  15  15  15 255 255 255
255 255 255  15  15  15  13  13  16  17  15  13  14 255 255 255
255 255 255  15  14  16  16  14  15  15  15  16  16 255 255 255
255 255 255 255 255 255 255 255 255 255 255 255 255 255 255 255
255 255 255 255 255 255 255 255 255 255 255 255 255 255 255 255
255 255 255 255 255 255 255 255 255 255 255 255 255 255 255 255
255 255 255 255 255 255 255 255 255 255 255 255 255 255 255 255
255 255 255 255 255 255 255 255 255 255 255 255 255 255 255 255
255 255 255 255 255 255 255 255 255 255 255 255 255 255 255 255
255 255 255  15  16  15  15  16  15  15  15  14  14 255 255 255
255 255 255  15  14  15  15  16  16  16  15  16  17 255 255 255
255 255 255  15  15  14  14  16  15  15  13  14  15 255 255 255
255 255 255  15  16  15  15  15  15  16  14  15  16 255 255 255
255 255 255 255 255 255 255 255 255 255 255 255 255 255 255 255
255 255 255 255 255 255 255 255 255 255 255 255 255 255 255 255
255 255 255  15  15  15  14  14  16  16  16  16  14 255 255 255
255 255 255  15  14  16  16  16  15  15  15  15  15 255 255 255
255 255 255  15  15  15  13  13  16  17  15  13  14 255 255 255
255 255 255  15  14  16  16  14  15  15  15  16  16 255 255 255
255 255 255 255 255 255 255 255 255 255 255 255 255 255 255 255
255 255 255 255 255 255 255 255 255 255 255 255 255 255 255 255
255 255 255 255 255 255 255 255 255 255 255 255 255 255 255 255

255 255 255 255 255 255 255 255 255 255 255 255 255 255 255 255
255 255 255 255 255 255 255 255 255 255 255 255 255 255 255 255
255 255 255 255 255 255 255 255 255 255 255 255 255 255 255 255
255 255 255 111  69  69  71 255 255  74  69  69 111 255 255 255
255 255 255  69  14  14  17 255 255  20  14  14  69 255 255 255
255 255 255  69  14  14  17 255 255  20  14  14  69 255 255 255
255 255 255  69  14  14  17 255 255  20  14  14  69 255 255 255
255 255 255  69  14  14  17 255 255  20  14  14  69 255 255 255
255 255 255  69  14  14  17 255 255  20  14  14  69 255 255 255
255 255 255  69  14  14  17 255 255  20  14  14  69 255 255 255
255 255 255  69  13  14  17 255 255  20  14  14  69 255 255 255
255 255 255  69  14  14  17 255 255  20  14  14  69 255 255 255
255 255 255 112  69  69  72 255 255  74  69  69 112 255 255 255
255 255 255 255 255 255 255 255 255 255 255 255 255 255 255 255
255 255 255 255 255 255 255 255 255 255 255 255 255 255 255 255
255 255 255 255 255 255 255 255 255 255 255 255 255 255 255 255
255 255 255 255 255 255 255 255 255 255 255 255 255 255 255 255
255 255 255 255 255 255 255 255 255 255 255 255 255 255 255 255
255 255 255 255 255 255 255 255 255 255 255 255 255 255 255 255
255 255 255 111  69  69  71 255 255  74  69  69 111 255 255 255
255 255 255  69  14  14  17 255 255  20  14  14  69 255 255 255
255 255 255  69  14  14  17 255 255  20  14  14  69 255 255 255
255 255 255  69  14  14  17 255 255  20  14  14  69 255 255 255
255 255 255  69  14  14  17 255 255  20  14  14  69 255 255 255
255 255 255  69  14  14  17 255 255  20  14  14  69 255 255 255
255 255 255  69  14  14  17 255 255  20  14  14  69 255 255 255
255 255 255  69  13  14  17 255 255  20  14  14  69 255 255 255
255 255 255  69  14  14  17 255 255  20  14  14  69 255 255 255
255 255 255 112  69  69  72 255 255  74  69  69 112 255 255 255
255 255 255 255 255 255 255 255 255 255 255 255 255 255 255 255
255 255 255 255 255 255 255 255 255 255 255 255 255 255 255 255
255 255 255 255 255 255 255 255 255 255 255 255 255 255 255 255
255 255 255 255 255 255 255 255 255 255 255 255 255 255 255 255
255 255 255 255 255 255 255 255 255 255 255 255 255 255 255 255
255 255 255 255 255 255 255 255 255 255 255 255 255 255 255 255
255 255 255 111  69  69  71 255 255  74  69  69 111 255 255 255
255 255 255  69  14  14  17 255 255  20  14  14  69 255 255 255
255 255 255  69  14  14  17 255 255  20  14  14  69 255 255 255
255 255 255  69  14  14  17 255 255  20  14  14  69 255 255 255
255 255 255  69  14  14  17 255 255  20  14  14  69 255 255 255
255 255 255  69  14  14  17 255 255  20  14  14  69 255 255 255
255 255 255  69  14  14  17 255 255  20  14  14  69 255 255 255
255 255 255  69  13  14  17 255 255  20  14  14  69 255 255 255
255 255 255  69  14  14  17 255 255  20  14  14  69 255 255 255
255 255 255 112  69  69  72 255 255  74  69  69 112 255 255 255
255 255 255 255 255 255 255 255 255 255 255 255 255 255 255 255
255 255 255 255 255 255 255 255 255 255 255 255 255 255 255 255
255 255 255 255 255 255 255 255 255 255 255 255 255 255 255 255

255 255 255 255 255 255 255 255 255 255 255 255 255 255 255 255
255 255 255 255 255 255 255 255 255 255 255 255 255 255 255 255
255 255 255 255 255 255 255 255 255 255 255 255 255 255 255 255
255 255 255 111  69  69  69  69  69  69  69  69 112 255 255 255
255 255 255  69  14  14  14  14  14  14  14  14  69 255 255 255
255 255 255  69  14  14  14  14  14  14  14  14  69 255 255 255
255 255 255  74  20  20  20  20  20  20  20  20  74 255 255 255
255 255 255 255 255 255 255 255 255 255 255 255 255 255 255 255
255 255 255 255 255 255 255 255 255 255 255 255 255 255 255 255
255 255 255  71  17  17  17  17  17  17  17  17  72 255 255 255
255 255 255  69  14  14  14  14  14  14  14  14  69 255 255 255
255 255 255  69  14  14  14  14  14  14  13  14  69 255 255 255
255 255 255 111  69  69  69  69  69  69  69  69 112 255 255 255
255 255 255 255 255 255 255 255 255 255 255 255 255 255 255 255
255 255 255 255 255 255 255 255 255 255 255 255 255 255 255 255
255 255 255 255 255 255 255 255 255 255 255 255 255 255 255 255
255 255 255 255 255 255 255 255 255 255 255 255 255 255 255 255
255 255 255 255 255 255 255 255 255 255 255 255 255 255 255 255
255 255 255 255 255 255 255 255 255 255 255 255 255 255 255 255
255 255 255 111  69  69  69  69  69  69  69  69 112 255 255 255
255 255 255  69  14  14  14  14  14  14  14  14  69 255 255 255
255 255 255  69  14  14  14  14  14  14  14  14  69 255 255 255
255 255 255  74  20  20  20  20  20  20  20  20  74 255 255 255
255 255 255 255 255 255 255 255 255 255 255 255 255 255 255 255
255 255 255 255 255 255 255 255 255 255 255 255 255 255 255 255
255 255 255  71  17  17  17  17  17  17  17  17  72 255 255 255
255 255 255  69  14  14  14  14  14  14  14  14  69 255 255 255
255 255 255  69  14  14  14  14  14  14  13  14  69 255 255 255
255 255 255 111  69  69  69  69  69  69  69  69 112 255 255 255
255 255 255 255 255 255 255 255 255 255 255 255 255 255 255 255
255 255 255 255 255 255 255 255 255 255 255 255 255 255 255 255
255 255 255 255 255 255 255 255 255 255 255 255 255 255 255 255
255 255 255 255 255 255 255 255 255 255 255 255 255 255 255 255
255 255 255 255 255 255 255 255 255 255 255 255 255 255 255 255
255 255 255 255 255 255 255 255 255 255 255 255 255 255 255 255
255 255 255 111  69  69  69  69  69  69  69  69 112 255 255 255
255 255 255  69  14  14  14  14  14  14  14  14  69 255 255 255
255 255 255  69  14  14  14  14  14  14  14  14  69 255 255 255
255 255 255  74  20  20  20  20  20  20  20  20  74 255 255 255
255 255 255 255 255 255 255 255 255 255 255 255 255 255 255 255
255 255 255 255 255 255 255 255 255 255 255 255 255 255 255 255
255 255 255  71  17  17  17  17  17  17  17  17  72 255 255 255
255 255 255  69  14  14  14  14  14  14  14  14  69 255 255 255
255 255 255  69  14  14  14  14  14  14  13  14  69 255 255 255
255 255 255 111  69  69  69  69  69  69  69  69 112 255 255 255
255 255 255 255 255 255 255 255 255 255 255 255 255 255 255 255
255 255 255 255 255 255 255 255 255 255 255 255 255 255 255 255
255 255 255 255 255 255 255 255 255 255 255 255 255 255 255 255

255 255 255 255 255 255 255 255 255 255 255 255 255 255 255 255
255 255 255 255 255 255 255 255 255 255 255 255 255 255 255 255
255 255 255 255 255 255 255 255 255 255 255 255 255 255 255 255
255 255 255 112  69  69  74 255 255  72  69  69 112 255 255 255
255 255 255  69  14  14  20 255 255  17  14  14  69 255 255 255
255 255 255  69  14  14  20 255 255  17  14  13  69 255 255 255
255 255 255  69  14  14  20 255 255  17  14  14  69 255 255 255
255 255 255  69  14  14  20 255 255  17  14  14  69 255 255 255
255 255 255  69  14  14  20 255 255  17  14  14  69 255 255 255
255 255 255  69  14  14  20 255 255  17  14  14  69 255 255 255
255 255 255  69  14  14  20 255 255  17  14  14  69 255 255 255
255 255 255  69  14  14  20 255 255  17  14  14  69 255 255 255
255 255 255 111  69  69  74 255 255  71  69  69 111 255 255 255
255 255 255 255 255 255 255 255 255 255 255 255 255 255 255 255
255 255 255 255 255 255 255 255 255 255 255 255 255 255 255 255
255 255 255 255 255 255 255 255 255 255 255 255 255 255 255 255
255 255 255 255 255 255 255 255 255 255 255 255 255 255 255 255
255 255 255 255 255 255 255 255 255 255 255 255 255 255 255 255
255 255 255 255 255 255 255 255 255 255 255 255 255 255 255 255
255 255 255 112  69  69  74 255 255  72  69  69 112 255 255 255
255 255 255  69  14  14  20 255 255  17  14  14  69 255 255 255
255 255 255  69  14  14  20 255 255  17  14  13  69 255 255 255
255 255 255  69  14  14  20 255 255  17  14  14  69 255 255 255
255 255 255  69  14  14  20 255 255  17  14  14  69 255 255 255
255 255 255  69  14  14  20 255 255  17  14  14  69 255 255 255
255 255 255  69  14  14  20 255 255  17  14  14  69 255 255 255
255 255 255  69  14  14  20 255 255  17  14  14  69 255 255 255
255 255 255  69  14  14  20 255 255  17  14  14  69 255 255 255
255 255 255 111  69  69  74 255 255  71  69  69 111 255 255 255
255 255 255 255 255 255 255 255 255 255 255 255 255 255 255 255
255 255 255 255 255 255 255 255 255 255 255 255 255 255 255 255
255 255 255 255 255 255 255 255 255 255 255 255 255 255 255 255
255 255 255 255 255 255 255 255 255 255 255 255 255 255 255 255
255 255 255 255 255 255 255 255 255 255 255 255 255 255 255 255
255 255 255 255 255 255 255 255 255 255 255 255 255 255 255 255
255 255 255 112  69  69  74 255 255  72  69  69 112 255 255 255
255 255 255  69  14  14  20 255 255  17  14  14  69 255 255 255
255 255 255  69  14  14  20 255 255  17  14  13  69 255 255 255
255 255 255  69  14  14  20 255 255  17  14  14  69 255 255 255
255 255 255  69  14  14  20 255 255  17  14  14  69 255 255 255
255 255 255  69  14  14  20 255 255  17  14  14  69 255 255 255
255 255 255  69  14  14  20 255 255  17  14  14  69 255 255 255
255 255 255  69  14  14  20 255 255  17  14  14  69 255 255 255
255 255 255  69  14  14  20 255 255  17  14  14  69 255 255 255
255 255 255 111  69  69  74 255 255  71  69  69 111 255 255 255
255 255 255 255 255 255 255 255 255 255 255 255 255 255 255 255
255 255 255 255 255 255 255 255 255 255 255 255 255 255 255 255
255 255 255 255 255 255 255 255 255 255 255 255 255 255 255 255
